3.332721805377305202e+01
3.360626941657137934e+01
3.508299137262662271e+01
3.626607698931332635e+01
3.703199494721950202e+01
3.823082427430177432e+01
3.808629097544642406e+01
3.899731378011409078e+01
3.798498011714374911e+01
3.973225066939964734e+01
4.022229892826455000e+01
4.080569192903598719e+01
4.180507577483144388e+01
4.219536620047043840e+01
4.234125831555447661e+01
4.393104293763588686e+01
4.444679360834577864e+01
4.393092193538507928e+01
4.477048085116427956e+01
4.346536040897677822e+01
4.552090284621243654e+01
4.574977173401195785e+01
4.619565558745845379e+01
4.885342604601529359e+01
5.140516712513093722e+01
5.192097380509828497e+01
5.294584015567718183e+01
5.443602002098256065e+01
5.651804102745409608e+01
5.678694812802445568e+01
5.732220834195004500e+01
5.894684256423163049e+01
5.961639286680865268e+01
6.077089272409686771e+01
6.178075225004900517e+01
6.104584030175752218e+01
6.058689928993847218e+01
5.834556044577544753e+01
5.848543974155868597e+01
6.022427716988944013e+01
5.951507042621036447e+01
6.114887399962886860e+01
6.254842017260254039e+01
6.289357798596281413e+01
6.328596634219827166e+01
6.376879948305778356e+01
6.330771256927874902e+01
6.342538216464727441e+01
6.377881785806804515e+01
6.479075580370754039e+01
6.598256864932524479e+01
6.563983059783807050e+01
6.686554373892151659e+01
6.648767319842264101e+01
6.671875666544519845e+01
6.748826202111580130e+01
6.786560862407573325e+01
6.813864779363397872e+01
6.880808905151779697e+01
6.865529000306315766e+01
6.840262385890723351e+01
6.859850975111594096e+01
6.995978096351201714e+01
7.025811288315254899e+01
7.256263421603378561e+01
7.317688748778441266e+01
7.060248886964387793e+01
7.056293517288636963e+01
7.262796928026081389e+01
7.303431511524524922e+01
7.299648143887615959e+01
7.252282169987800842e+01
7.424661952811752030e+01
7.564944405510344438e+01
7.672147890435361717e+01
7.754958084469460289e+01
7.939048709770806056e+01
8.061168880010596638e+01
7.978188839688068867e+01
8.095033193679826411e+01
8.151995827191531419e+01
8.180963847820764556e+01
8.297302660646316497e+01
8.340141311161292492e+01
8.086785825761519675e+01
8.282524637760323571e+01
8.426296637900888697e+01
8.454037715814106946e+01
8.456798052911022978e+01
8.519462895601188279e+01
8.431023512925318641e+01
8.501664079289328413e+01
8.518644373211463972e+01
8.523349288975251170e+01
8.471037433390368676e+01
8.443173813324925447e+01
8.593803456820731412e+01
8.767305560103569917e+01
8.857589367192674956e+01
8.893035705342052211e+01
