2.839078463508614369e+00 2.708050201102210064e+00
2.867898902044106357e+00 2.714694743820878831e+00
2.906901059847375457e+00 2.740840023925200875e+00
2.923161580719155772e+00 2.757919148255344677e+00
2.933856869835903769e+00 2.793187601071001946e+00
2.949688335052584431e+00 2.801358378235861757e+00
2.970414465569700901e+00 2.805358383569207970e+00
2.970414465569700901e+00 2.821378886409213305e+00
2.980618635743942590e+00 2.823341245436944646e+00
2.985681937700489730e+00 2.823341245436944646e+00
2.990719731730446806e+00 2.833213344056216165e+00
3.025291075795535356e+00 2.833213344056216165e+00
3.039749158970765031e+00 2.831270281060802585e+00
3.049273040482020747e+00 2.835152638878440268e+00
3.044522437723423014e+00 2.842988936288792345e+00
3.025291075795535356e+00 2.844909383819407278e+00
3.020424886144362553e+00 2.844909383819407278e+00
3.025291075795535356e+00 2.842988936288792345e+00
3.034952986707272427e+00 2.842988936288792345e+00
3.054001181677966859e+00 2.837146774436619889e+00
3.081909969795043391e+00 2.833213344056216165e+00
3.100092288878233848e+00 2.833213344056216165e+00
3.113515309210374227e+00 2.841006428350835389e+00
3.117949906278240313e+00 2.842988936288792345e+00
3.113515309210374227e+00 2.839078463508614369e+00
3.122364924487357030e+00 2.846826150299440084e+00
3.122364924487357030e+00 2.860313386446255546e+00
3.135494215929149675e+00 2.864084819487991318e+00
3.144152278672264433e+00 2.871698492630543331e+00
3.139832617527747782e+00 2.882955435951030321e+00
3.148453360571654702e+00 2.890371757896164517e+00
3.139832617527747782e+00 2.894087069791789979e+00
3.113515309210374227e+00 2.905096153294546735e+00
3.117949906278240313e+00 2.912350664614939966e+00
3.139832617527747782e+00 2.914142536514036763e+00
3.165475048141085601e+00 2.914142536514036763e+00
3.182211840496609323e+00 2.914142536514036763e+00
3.210843653170936562e+00 2.919552926815173421e+00
3.206803243633931544e+00 2.924934202245275561e+00
3.210843653170936562e+00 2.928523523860540934e+00
3.234749174024490692e+00 2.928523523860540934e+00
3.226843994517377467e+00 2.935610650212610029e+00
3.230804395733474443e+00 2.939161922065596677e+00
3.218875824868200564e+00 2.944438979166440262e+00
3.222867846137738468e+00 2.944438979166440262e+00
3.242592351485516833e+00 2.944438979166440262e+00
3.258096538021482136e+00 2.949688335052584431e+00
3.277144732992176568e+00 2.949688335052584431e+00
3.295836866004329124e+00 2.953190050288315938e+00
3.306886702190914296e+00 2.960105095910839701e+00
3.317815772723104573e+00 2.961813480350365069e+00
3.317815772723104573e+00 2.965273066069282315e+00
3.332204510175203804e+00 2.965273066069282315e+00
3.342861804649191804e+00 2.966972651882566314e+00
3.363841595118386429e+00 2.975529566236471801e+00
3.370738174177446922e+00 2.977211823916611877e+00
3.391147045808653893e+00 2.980618635743942590e+00
3.404525171754829937e+00 2.982292361187288687e+00
3.417726683613365957e+00 2.985681937700489730e+00
3.421000008958335226e+00 2.989060063785926591e+00
3.443618097546107482e+00 2.992376649740628558e+00
3.456316680883234849e+00 2.997380913799515323e+00
3.478158422798283578e+00 3.000719815065030271e+00
3.502549875922443157e+00 3.007314934797057582e+00
3.526360524616161563e+00 3.015534900850170619e+00
3.529297384289471040e+00 3.026891735803092676e+00
3.535145354171894017e+00 3.033365188360841902e+00
3.543853682063678789e+00 3.044522437723423014e+00
3.552486829208381547e+00 3.044522437723423014e+00
3.552486829208381547e+00 3.052443365138033382e+00
3.561046082604051310e+00 3.061847675760851040e+00
3.569532696481370060e+00 3.069586642124471076e+00
3.589059118831725570e+00 3.081909969795043391e+00
3.605497845174885363e+00 3.091042453358316067e+00
3.613616969613389518e+00 3.106065405238337629e+00
3.616308761279101169e+00 3.116488662189773162e+00
3.632309102625542074e+00 3.128206857953363951e+00
3.634951112088380842e+00 3.144152278672264433e+00
3.642835515612529385e+00 3.161246712031564599e+00
3.637586159726385659e+00 3.173878458937465119e+00
3.634951112088380842e+00 3.187715340618576754e+00
3.637586159726385659e+00 3.202746442938317006e+00
3.645449896186600203e+00 3.216192227238999113e+00
3.634951112088380842e+00 3.228152661648409971e+00
3.663561646129646299e+00 3.236047543376519897e+00
3.668676746796416754e+00 3.247774214910849722e+00
3.676300671907076101e+00 3.256826501096674598e+00
3.678829118260434683e+00 3.263198883504864423e+00
3.696351468952637109e+00 3.269568939183718825e+00
3.720862499966986814e+00 3.278389241289244360e+00
3.730501128804756039e+00 3.287169785507189079e+00
3.747148362237912256e+00 3.297058341921009994e+00
3.770459441106359222e+00 3.310543013394024570e+00
3.781914320081125602e+00 3.332204510175203804e+00
3.777348102101544480e+00 3.353406717825806904e+00
3.786459782452800127e+00 3.377587516023021763e+00
3.777348102101544480e+00 3.404525171754829937e+00
3.779633817382400451e+00 3.431823575203916121e+00
3.770459441106359222e+00 3.462606009790798911e+00
3.765840495250064812e+00 3.491434107174134827e+00
3.754198920234578907e+00 3.509543436160347696e+00
3.761200115693562385e+00 3.524387992217353549e+00
3.779633817382400451e+00 3.545788225811651095e+00
3.790984677051089768e+00 3.561983143425391685e+00
3.813307032488988391e+00 3.570461842156594567e+00
3.822098297900159203e+00 3.583518938456109915e+00
3.826465117066499388e+00 3.599146194341809046e+00
3.832979798087693180e+00 3.610917912644224348e+00
3.845883202923601196e+00 3.627881325052354278e+00
3.864931397894295628e+00 3.649800730879609212e+00
3.883623530906448185e+00 3.663561646129646299e+00
3.883623530906448185e+00 3.675464879692074582e+00
3.885679030088544206e+00 3.691376334312523433e+00
3.923951576293419841e+00 3.716810719042627831e+00
3.933784497209658948e+00 3.740831281620947024e+00
3.947390149265437298e+00 3.761200115693562385e+00
3.949318790171842952e+00 3.784939352808807111e+00
3.949318790171842952e+00 3.819183770323991478e+00
3.956996371070877316e+00 3.852273001022372245e+00
3.960813169597578121e+00 3.879499813722585788e+00
3.962716119743664223e+00 3.918660925608329570e+00
3.943521672487517282e+00 3.954450111068041451e+00
3.941581807669690463e+00 3.972798204142605094e+00
3.958906591326996516e+00 3.998806023012418276e+00
3.979681653901960825e+00 4.024762231323795625e+00
3.972176928247893368e+00 4.048300623720693991e+00
3.983413001514819030e+00 4.075280661999873821e+00
3.970291913552121965e+00 4.089332020398556367e+00
3.955082494888593203e+00 4.097672352314775779e+00
3.960813169597578121e+00 4.113051818576685115e+00
3.956996371070877316e+00 4.131961425793407194e+00
3.956996371070877316e+00 4.134093981739384027e+00
3.968403338864253449e+00 4.133565275375381987e+00
3.990834185852435656e+00 4.145782012885303125e+00
4.010962953283049970e+00 4.157835660003298628e+00
4.030694535145644686e+00 4.166665223801726547e+00
4.050044303325520900e+00 4.177965475858831823e+00
4.067315889834181242e+00 4.188138441508461263e+00
4.077537443905719705e+00 4.199199950324481456e+00
4.085976312551584222e+00 4.206184043977636122e+00
4.094344562222100414e+00 4.213119698176787331e+00
4.102643365036795942e+00 4.225372824628505164e+00
4.119037174812472557e+00 4.232177108276769850e+00
4.127134385045091669e+00 4.241326752570746095e+00
4.136765278106052435e+00 4.243726747974250202e+00
4.139955073474152591e+00 4.240851819664080757e+00
4.149463861443179802e+00 4.248495242049359355e+00
4.154184562578117301e+00 4.253724403266371468e+00
4.160444363926623979e+00 4.265492818417929932e+00
4.171305603358228531e+00 4.278511637221450670e+00
4.178992036282385136e+00 4.289541211485359717e+00
4.195697056482388554e+00 4.298196555621923487e+00
4.201703080542600333e+00 4.304510939745774145e+00
4.213607983048918371e+00 4.316594380942955667e+00
4.219507705176106960e+00 4.329851372519708974e+00
4.232656178019612803e+00 4.339901708373210099e+00
4.241326752570746095e+00 4.351142079009501451e+00
4.249922794040544183e+00 4.367331690925128740e+00
4.257030144499196034e+00 4.375341841145160338e+00
4.259859000699673715e+00 4.385358577581853545e+00
4.269697449699961567e+00 4.402233591982369632e+00
4.273884476054178094e+00 4.412398213319295159e+00
4.273884476054178094e+00 4.429232210713075268e+00
4.265492818417929932e+00 4.445388682788376400e+00
4.259859000699673715e+00 4.453567922853503447e+00
4.266896327420250046e+00 4.459762838256918549e+00
4.271095073966599820e+00 4.467435686959989383e+00
4.275276264727001063e+00 4.475061500641071000e+00
4.286341384539473331e+00 4.481871969643598241e+00
4.295923935620470147e+00 4.490129636276958713e+00
4.306764150173334471e+00 4.497952391098919200e+00
4.317488113536310124e+00 4.504985143324249819e+00
4.318820558770089413e+00 4.513416673736482032e+00
4.325456283185487472e+00 4.521060050868709546e+00
4.330733340286331057e+00 4.525044141508806739e+00
4.343805421853684123e+00 4.532244591473427064e+00
4.352855257373601461e+00 4.537961436294641437e+00
4.366912996863833385e+00 4.544708675868220027e+00
4.373238128640802636e+00 4.553529462833102670e+00
4.384523514872468830e+00 4.557732606663216224e+00
4.387014176184920622e+00 4.566086263478543295e+00
4.389498649512582951e+00 4.574710978503382819e+00
4.396915247167632046e+00 4.579513859174305423e+00
4.404277243608701653e+00 4.584283571389904388e+00
4.411585436915426151e+00 4.593431557082701566e+00
4.428433007488036921e+00 4.602837467314263797e+00
4.436751534363128080e+00 4.608494653816110898e+00
4.447346100794524304e+00 4.615447196149030873e+00
4.455509411433684619e+00 4.622351734196850970e+00
4.470495282661489433e+00 4.626275885485428674e+00
4.483002552013883424e+00 4.630184697982802078e+00
4.490881039585963741e+00 4.634078291135299565e+00
4.499809670330265021e+00 4.636668853047462235e+00
4.508659285607247824e+00 4.642148001109661415e+00
4.521788577049040470e+00 4.645995380503226357e+00
4.539030383483546593e+00 4.649828014282447519e+00
4.547541073151455393e+00 4.653322051250016855e+00
4.555979941797319910e+00 4.663439094112066918e+00
4.568506201616499673e+00 4.669083511731743741e+00
4.585987366571317558e+00 4.675321053405543381e+00
4.589040804058207357e+00 4.685209816733816979e+00
4.608165694967889969e+00 4.695623133972518737e+00
4.609162207257629262e+00 4.703811176116108328e+00
4.615120516841259679e+00 4.708926415466737403e+00
4.611152257665638743e+00 4.718498871295094155e+00
4.618086411254637369e+00 4.729156165769082598e+00
4.615120516841259679e+00 4.730630343652390657e+00
4.619073091157082978e+00 4.727679811476534155e+00
4.626931677769603901e+00 4.731212354250829755e+00
4.632785353021064978e+00 4.741735720943841770e+00
4.637637376125592681e+00 4.746087981846299542e+00
4.637637376125592681e+00 4.749270529961847842e+00
4.641502115235481618e+00 4.759032252742031233e+00
4.650143551630822714e+00 4.763028270603671288e+00
4.666265285347901859e+00 4.767858601122364703e+00
4.675628649636652590e+00 4.767858601122364703e+00
4.682131227124219919e+00 4.777163590563374029e+00
4.689511334421842648e+00 4.791375856503345965e+00
4.696837374513915364e+00 4.794963757620746669e+00
4.705015520957807951e+00 4.800736969532066745e+00
4.715816706075155018e+00 4.807024725884359917e+00
4.719391330078114066e+00 4.820281565605037066e+00
4.727387818712340817e+00 4.832305758571838972e+00
4.732683506287051145e+00 4.837606426213829636e+00
4.745801315727836922e+00 4.842871260509284070e+00
4.749270529961847842e+00 4.859812404361671945e+00
4.749270529961847842e+00 4.865224091322398081e+00
4.756173059524618552e+00 4.856963388527198333e+00
4.759606539292509986e+00 4.866764923676553778e+00
4.767289035464526314e+00 4.885827643502907769e+00
4.776599301615622295e+00 4.888595712186686093e+00
4.781641329103869964e+00 4.895598484107897441e+00
4.779963476361253960e+00 4.906999216665730579e+00
4.783316371371565623e+00 4.928701911333569718e+00
4.776599301615622295e+00 4.940212829799709660e+00
4.763028270603671288e+00 4.911426190022067040e+00
4.745801315727836922e+00 4.906511050975562505e+00
4.744062184854709763e+00 4.917056947136689615e+00
4.750135956238277224e+00 4.923863888311233339e+00
4.763881877142912558e+00 4.925803358579558200e+00
