1.920662145859784342e+00
3.763281721773521049e+00
3.300622279553153682e+00
2.805286569044274092e-01
5.755930852142523424e-01
-3.923545858868191516e-01
-1.191630378246040234e-01
1.197398138762680642e+00
2.351788530419550938e+00
2.474641416656965021e+00
1.694228068502585671e+00
9.181382217693437875e-01
8.180507405934125398e-01
2.838662393698961672e+00
4.362203755842005926e+00
3.130812060231157545e+00
3.904187891632935781e+00
1.618088151593335411e+00
2.111573149009547734e+00
3.323901395341871456e+00
3.700379703323187996e+00
4.757653737447709474e+00
2.999100190631735607e+00
1.313773363805583294e+00
1.354545674379218578e+00
6.510197637795360759e-01
3.245900670304080471e-02
-4.959598068135802063e-01
-2.616559385264490167e+00
-2.728552578386783445e+00
-2.061921591294210820e+00
-1.277442103930895856e+00
-6.257916234028120250e-01
1.117636699229327402e-01
2.136934423356835033e+00
2.859922598468774169e+00
3.205755233344054211e+00
3.806199889536753922e+00
3.225075393615169261e+00
1.888815196424669995e+00
2.365574772047050800e+00
3.288398899399051167e+00
3.391520214237480069e+00
2.440101575957947411e+00
1.438820267922803042e+00
2.756098234864905017e+00
2.347084915198534016e+00
1.776757317394444646e+00
2.951429015752681018e+00
3.702255958342190567e+00
3.797511311575197723e+00
2.512767125582981542e+00
2.554765760647935480e+00
1.694321533751805164e+00
3.069549007851974931e-01
-4.891267135474197669e-01
2.520878938751645038e-01
1.418853100863949557e+00
2.199503411283540100e+00
1.994964680230265408e+00
1.321704515062278151e+00
1.669593221526462612e+00
8.697913364630219801e-01
8.162713324593521280e-01
1.478634549520046360e+00
1.646327367853624768e+00
1.675251603158100622e+00
-1.422952188162766030e+00
9.393394033612589844e-01
1.346430639937408191e+00
5.686819155052731389e-01
1.212194407100469329e+00
1.852258279598171464e+00
1.351858041183225279e+00
1.130088244697376787e+00
1.443967466661841614e+00
9.459108770547095535e-01
2.685109449069159382e+00
2.522780314333121332e+00
3.116923039913193083e+00
2.572697586048013463e+00
1.165294972356342385e+00
9.620997927043151154e-01
1.297948094352776138e+00
8.441806643220791662e-01
5.726020391985576774e-01
8.298087681562861251e-01
3.395805990176595790e-01
4.202069206901714038e-01
-5.825990656595023687e-01
-8.053482643083469394e-01
6.164794547498391175e-01
1.683723016744338663e+00
1.899423336990342159e+00
1.214110500771616419e+00
-1.716378626045491629e-01
-7.319892344839662446e-01
4.041744244426743737e-01
1.392191013682382295e+00
1.382033294130098344e+00
4.354256572038579520e-01
2.621050679928651483e-01
4.812916233498808483e-01
-2.823149193843337290e-01
6.119781505517419840e-01
2.931444317359670482e-01
6.805984230425696779e-01
-6.925478148200336914e-01
-1.044783599372657745e+00
-1.673983417958025965e+00
-4.450478932894641471e-01
-2.583116259958839755e-02
1.421815607306567975e+00
-3.252205121721385428e-01
2.404080865749216311e-01
-2.020967386009463240e+00
-1.920998802932730287e+00
5.715335056822610227e-01
4.000305735668827634e-01
2.067207839318168539e+00
1.969994533491215449e+00
1.744888268570729650e+00
1.182394594138590938e+00
1.187391345398250309e+00
6.851834123309797908e-01
-1.146599722880928818e+00
-2.060187883482121229e+00
-2.181925686497923067e+00
3.574342952202964607e-01
7.648760932115726829e-01
-1.608628396389803816e+00
-2.098675803546912633e+00
-2.048351303510314025e-01
8.131680797952548501e-01
1.046088691232999857e+00
1.557296693787567632e+00
1.535047201998218647e+00
1.073153191059575740e+00
1.272775297841444608e+00
1.648433611263067533e+00
1.277133983573615517e+00
-3.320964800516266191e-01
-2.596389881695491120e-01
1.941653530181848275e-01
-8.320919040032388470e-01
2.056596129961445474e-01
-3.195748526008157508e-01
9.820779086028170735e-01
1.458770591106131942e+00
2.257479019597246506e+00
1.271540826347338449e+00
1.841997023521425358e+00
-1.637291218897958256e-01
5.226760800266883056e-01
2.221857684832108770e+00
2.428366069827514018e+00
3.681840445945601559e+00
3.656741861284100281e+00
3.684625389407915286e+00
2.989496343853742744e+00
1.132646105939681513e+00
4.526766440024070359e-01
3.812349015974263899e+00
4.120997338097942553e+00
1.437432979497543784e+00
1.424555164366967830e+00
2.585317920535112002e+00
1.096414304074092128e+00
1.851961116584230460e+00
1.386268544975471029e+00
7.047620169397513790e-01
-4.791061991781597751e-01
2.345048792533812598e-01
-9.034647862882343450e-01
-1.291094715278058302e-01
-9.589370977400024643e-02
1.368262349126156296e+00
2.561814623142928404e+00
1.730146669861009956e+00
8.237459573173928629e-01
-9.741934777349874341e-01
6.865117363517920790e-01
1.896419221851010306e+00
3.272235715215527918e+00
2.559063063500453428e+00
1.942181773232751318e+00
3.266987209497622224e+00
4.324302510388062792e+00
2.592243738034777145e+00
-1.699005441104508574e-01
9.822284645247070234e-01
1.305058676861830191e+00
1.961904259115898608e+00
1.594592693649663051e+00
-6.025447043150922166e-01
-1.314846359327235037e+00
-7.897797690567200934e-01
-2.521633182205214041e-01
-1.404280851906283267e-01
-1.092951733677174353e-01
1.484824177114876687e+00
8.906252928451476869e-01
1.260732831911101970e+00
1.466364793478924344e+00
2.919285977392964693e+00
1.760672897734894882e+00
2.476635728522435187e+00
4.621988470384141845e-01
-1.228452459340956260e-02
-6.318054688769740856e-01
2.409895827235589705e-01
6.161278745563952830e-01
9.605100514661706335e-01
3.115525249381422057e+00
2.828403406173281454e+00
3.119332580747042893e+00
3.110762068575604999e+00
1.617665723568112224e+00
7.826381539436999546e-02
-6.367976052135719822e-01
-1.596598382874488964e+00
-4.602124666540514664e-01
9.648888978014147355e-02
-7.456864109100262983e-01
-1.727329758401958459e+00
-3.903916715792339343e-01
-1.065160049914387175e+00
-4.256383081668959623e-01
1.332940986842678921e+00
1.711355150206346210e+00
-1.716930184878690868e+00
-3.173148695967005217e+00
-3.329364968135878122e+00
-1.803052118063682707e+00
-7.324458206634119062e-01
-1.278681162306571917e-01
6.734668861144922358e-01
-1.756626566076284757e-01
2.364720451559427783e-01
2.050193306876010091e+00
3.033682555518018020e+00
3.737813694150262656e+00
1.645597728035896212e+00
1.658002311726017863e+00
3.313796812737013653e+00
3.780372157611180839e+00
4.223556894349483670e+00
2.108155869843136632e+00
2.611309330311680554e+00
5.945591358768622658e-01
5.849682891199310397e-01
1.142944239439804832e-01
1.158004942273494375e+00
2.687965368010461376e+00
1.367835539223336561e+00
6.504561638522080580e-01
2.259762347248011061e+00
9.904065110695317031e-01
4.530735275327919531e-01
9.508316286116954563e-01
1.003435834943016802e+00
2.060116968290515160e-01
-5.460351968507264342e-01
1.790017227756562468e+00
1.334491651090923492e+00
2.651298964387510892e+00
2.505172331423340282e+00
1.132632121056388774e+00
1.197436638135161324e+00
5.798525073341759262e-01
-5.084188725910250284e-01
-1.289755508810003670e+00
-1.306701842569868655e+00
-1.085993798081154926e+00
-3.569151952695363228e+00
-2.526018944231808838e+00
-1.567672006648985095e+00
1.644194847306883478e-01
-5.955068205690963179e-01
-1.752121168434244147e-01
1.581878107883642803e+00
2.518327517808070404e+00
-4.284876840458580194e-01
3.338604800759847890e-01
1.206762612370975818e+00
1.314213272925281561e+00
1.140859194618861761e+00
3.714329290863841671e+00
1.424426095404249804e+00
1.390471764144037614e+00
2.138647682141705531e+00
2.908561994004859486e+00
2.377654565530995079e+00
3.932296024074977581e+00
1.307952138822937149e+00
7.531524352914111820e-01
4.598092858859297305e-01
3.148283731595985735e+00
1.699233958755808072e+00
4.410977747577291552e-01
8.556026731253391082e-01
1.830879376385070145e+00
1.485988019070720645e+00
1.434026667167451752e+00
2.078809186534114950e+00
1.794021793196906245e+00
1.101083013671001920e+00
2.273365116333673219e-01
8.451888771983285809e-01
6.167897894620872901e-01
1.620116630921392797e+00
2.829611471773991305e+00
2.878440169060448639e+00
1.489237073454335647e+00
2.510937842691202793e+00
3.510283479721252320e+00
3.066566438644751535e+00
3.817124424385224479e+00
1.680445614693517609e+00
2.316367277283774673e+00
7.785324989262853990e-01
1.503147494005395268e+00
1.742393728575237111e+00
8.575144706325272814e-01
1.273441284771172688e+00
-6.108092670365257160e-01
1.582067831374400324e+00
1.485721311725809901e+00
9.658695077857839539e-01
1.599626351260039048e+00
2.202960117898193459e+00
2.298794141925064594e-01
2.722019884984770988e-01
3.456240774158263473e-01
1.511186123422930017e+00
9.451966903429319666e-01
7.203526322492521672e-01
1.775729397523179376e+00
1.892930677545439977e+00
1.063132875608477246e+00
1.276543097044445796e+00
1.928123722810427543e+00
6.648616047727121670e-01
1.082365703832640191e+00
3.205080089364241713e-01
1.387782327033456387e+00
3.543397885253778412e-01
-6.160527881181288024e-02
1.267553550351174785e-02
6.873231324348116900e-02
-6.545370799628980052e-02
3.035464809301113842e-01
1.000225114606021481e+00
1.235781594239631520e+00
2.078614744977761664e+00
2.077080238953567637e+00
2.053418233065618992e+00
3.714278315359008653e-01
8.806102967861662023e-02
1.384979195069795388e-01
1.295912108768424220e+00
5.636497940931513018e-01
-1.534589045924266149e-01
1.633860743699361739e+00
2.620457940096434513e+00
8.494986739527532471e-01
2.131074886515323730e+00
2.006288446166611728e+00
2.906846108135030526e-01
9.875529887284404396e-01
1.996054399112519029e-01
1.225123835479819734e+00
2.274557327737795287e+00
1.844164152590888950e+00
8.328869745599405405e-01
5.926577890783095715e-01
2.015237590007581403e+00
2.038974555718930048e+00
2.096159760164467034e+00
1.634880468898134875e+00
1.410950728928177300e+00
-1.279458395339881926e+00
-4.992274039669362118e-01
7.670563567564415708e-01
6.612178468849583268e-01
1.249257491934175679e+00
1.437315403041365292e+00
9.157354394338614867e-01
2.532654952939088489e+00
3.102394267491419999e+00
2.366038937318887925e+00
3.066076746597223845e+00
4.908199167566475118e+00
4.261394360262551473e+00
4.138986939721360336e+00
3.403115543297130507e+00
2.308962193637046134e+00
3.054771951560091736e+00
4.246706375601299932e+00
3.481901965281284816e+00
3.125932809723828143e+00
4.259629878158486704e+00
2.928440810646655734e+00
4.009384132859625360e+00
2.598979528704401964e+00
2.353961846187654139e+00
2.631997864087932015e+00
3.638853254272605753e+00
1.782815270980081301e+00
1.773026807631696622e+00
3.765992145578321626e+00
4.869358691000162942e+00
4.140130425337521736e+00
2.889433393388606497e+00
1.697450108854432482e+00
2.231359886539015847e+00
2.543226903791918847e+00
3.751756660697244783e+00
3.939530019676126926e+00
3.561070887619195879e+00
4.106703231224645201e+00
6.260677364655863109e+00
5.117346422900135750e+00
1.142281111593487664e+00
9.394317739689067581e-01
3.795871090954330285e+00
3.791004763641915964e+00
2.058124251722612374e+00
2.092193336092271316e+00
2.242167563353160809e+00
1.961256414616248556e+00
2.086804351025889126e+00
3.672826466856285776e+00
3.890551105665573495e+00
2.174070111164167152e+00
2.537801798986378365e+00
1.195730231595626636e+00
2.231553073247569685e-01
1.167822687662748660e+00
4.260667221822437511e+00
2.758331039250201400e+00
1.406455273230776459e+00
1.513040989752861609e+00
2.086138717389432351e+00
3.087872873072908142e+00
1.775188619730048600e+00
1.216021348922410983e+00
2.018277269625798009e+00
1.033046929679324100e+00
2.523417946792294142e+00
3.370864826413595416e-01
1.794036324264213444e+00
9.356270111762476915e-01
1.785508109853832126e+00
3.474052720513139958e-01
-1.010451449116196665e+00
8.895115770773309727e-02
5.098953530581186167e-01
9.082883270669216413e-01
7.827030494877253997e-01
1.802888436019029372e+00
1.711037826241037951e+00
-7.019521957131948930e-01
6.433939073033334566e-02
4.521841012407384897e-01
2.556425009107294866e-01
1.339420215705686701e-01
1.320028153061528986e+00
9.980596796118816894e-01
1.726019214278183611e+00
1.684907488388910357e+00
9.692354849817084173e-01
1.298962855453933418e+00
1.530859884455744169e+00
3.129215885246564799e+00
1.539481074825000295e+00
4.600307204974951603e-01
-2.704331661565257949e-01
2.149044860733828166e+00
1.423133097654426527e+00
2.267143557570435952e+00
-8.357021780181206339e-02
-1.769933439384343332e+00
-1.145176747384410998e-01
-7.374388856841933571e-01
-2.642593824690531612e+00
3.603508712369007938e-01
7.871670675046342769e-01
3.976141646694415499e-01
1.534230408918856536e+00
1.390372934373178992e+00
9.800031773116011369e-01
2.509403390120930055e-01
1.012081099568125531e+00
1.079454099810999601e+00
1.948268555302979488e+00
1.699924261346728471e+00
2.427772022074804248e+00
4.059641015656419327e+00
4.464756645372617960e+00
4.116902617238978657e+00
5.192158730763298813e+00
2.378930082125454870e+00
2.108720132206065578e+00
9.275453378859077613e-01
-1.260166785060914396e-01
-1.668959242274774768e+00
-7.284085284163321905e-01
-7.599433382551079585e-01
-3.969944976993071695e-01
1.089939327270705638e+00
7.265662573093812915e-01
1.080695453627391167e+00
1.866536641625708093e+00
5.741441920686554123e-01
1.128582480039159952e+00
1.759467773486133702e+00
1.499555744452678141e+00
7.126387987093028009e-01
1.135805347917864250e-01
3.027659284407568929e-01
-2.212455981038041752e-01
-3.434124208145084012e-01
1.179008322110050466e+00
-3.301385088600321538e-01
-1.612233725345114665e+00
-5.924058430656486962e-01
-1.409336471395277401e+00
-8.209113497712758889e-01
7.803831354320345248e-02
-1.663704873382647609e-01
2.554105365286322815e+00
4.432803732208326686e+00
3.740926931791094923e+00
2.216533114214143119e+00
9.753321927494117416e-01
-3.667974066462198479e-02
-3.815258504212302171e-01
-7.404556727569278074e-02
8.717681149463961665e-01
-5.164156307372635979e-01
2.077248402651689085e-01
-5.747972342061689055e-01
9.360184514154989976e-02
2.096524780313809622e+00
2.371845418608621081e+00
1.908132497964514229e+00
1.906688853623761837e+00
2.054269121605916570e+00
2.661120043989892991e+00
2.715809847312397718e+00
2.674090540877195998e+00
2.389095777821296451e+00
4.010833788194174687e+00
3.370804135793599166e+00
2.645137296684495709e+00
1.939480593341821546e+00
2.293736615647651300e-01
-5.226955296028650277e-01
2.196554165279583692e+00
2.349475861093723861e-01
1.250561117469039862e+00
1.720690106870077951e+00
8.645235502590042920e-01
1.234766195577588599e+00
1.061147004482503764e+00
-9.431510601526384985e-01
-1.099582732167046162e+00
6.406443009498865582e-01
3.713162726868144414e-01
7.838769899181713408e-01
6.573339584987203388e-02
1.103001889245342149e+00
1.222077045886405866e+00
1.600709026752141106e+00
1.474150589552350787e+00
3.899061154263011808e+00
3.493452064692282200e+00
2.504212991181641090e+00
2.114197943352310816e+00
7.165206918710629314e-01
-7.072800402768943950e-01
-1.896660338612044194e+00
-9.081507487376379029e-01
5.761685437668034870e-01
7.711581422276896358e-01
6.281673987330858022e-01
1.528106251818553973e+00
1.250536490685387525e+00
3.256807118187588834e+00
1.000293191409720173e+00
8.346679736103486125e-01
9.391884734998880990e-01
1.781933574973089129e+00
1.469951822521040175e+00
2.182118801655720475e+00
1.506873790918919820e+00
5.364999680820268235e-01
2.027510386073049897e+00
1.144088802758683077e+00
